11 300 300
11 348 300
8 348 450 15
8 396 300 15 
8 444 450 15
11 444 300
11 492 300
6 550 153
10 650 153
10 750 201
8 850 450 13
10 850 249
10 950 201
12 700 107
12 810 107
12 920 107
10 750 100 
10 1035 148 
6 1150 153
7 1250 173
9 1550 168
5 1558 228 
7 1658 173
4 1780 400
3 1800 153
3 1900 153
6 2000 153
6 2100 153
10 2500 153
10 2548 153
10 2596 153
10 2644 153
10 2692 153
10 2548 201
10 2596 201
10 2644 201
10 2692 201
10 2596 249
10 2644 249
10 2692 249
10 2644 297
10 2692 297
10 2692 345
11 2740 345
11 2788 345
8 2836 345 15
8 2884 345 16
8 2932 345 15
11 2980 345
11 3028 345
11 3076 297
3 2800 153
6 2900 153
7 3000 173
9 3550 168
5 3558 228
11 3800 300
11 3848 300
11 3896 300
8 3950 520 15
11 4044 380
11 4092 380
11 4140 380
12 3900 107
12 4010 107
12 4110 107
10 4250 153 //
15 4250 201 
15 4250 249
15 4250 297
15 4250 345
15 4250 393
15 4250 345
15 4250 441
15 4250 489 //
10 4298 153 
10 4298 201
15 4298 249
15 4298 297
15 4298 345
15 4298 393
15 4298 345
15 4298 441
15 4298 489
15 4298 249 
15 4346 297 //
15 4346 345
15 4346 393
15 4346 345
15 4346 441
15 4346 489
10 4346 153
10 4346 201
10 4346 249
15 4346 297 
15 4394 345 //
15 4394 393
15 4394 345
15 4394 441
15 4394 489
10 4394 153
10 4394 201
10 4394 249
10 4394 297
15 4394 345 
10 4442 153 //
10 4442 201
10 4442 249
10 4442 297
10 4442 345
15 4442 393 
15 4442 441 
15 4442 489 