1 200 153
11 250 300
11 298 300
8 346 300 13
11 394 300
9 500 168
7 600 173
6 700 150
9 800 168
5 808 228
10 1000 153
10 1048 153
10 1096 153
10 1048 200
10 1096 200
10 1096 248
3 1450 153
12 1360 108
11 1962 305
11 2010 305
8 2058 305 15
8 2106 505 14
8 2106 305 15
8 2154 305 13
11 2202 305
11 2250 305
8 2346 505 17
9 2396 168
5 2404 228
3 2496 153
7 2596 173
10 3000 153
10 3048 153
10 3096 153
10 3048 200
10 3096 200
10 3096 248
10 3144 153
10 3144 200
10 3144 248
10 3144 296
12 3230 108
11 3562 255
11 3610 255
15 3577 300
15 3625 300
11 3759 305
11 3802 305
15 3774 350
15 3817 350
11 3946 355
11 3994 355
15 3961 400
15 4009 400
8 4090 505 13
6 3500 150
6 3600 150
9 4135 168
5 4143 228
10 4250 153 //
15 4250 201 
15 4250 249
15 4250 297
15 4250 345
15 4250 393
15 4250 345
15 4250 441
15 4250 489 //
10 4298 153 
10 4298 201
15 4298 249
15 4298 297
15 4298 345
15 4298 393
15 4298 345
15 4298 441
15 4298 489
15 4298 249 
15 4346 297 //
15 4346 345
15 4346 393
15 4346 345
15 4346 441
15 4346 489
10 4346 153
10 4346 201
10 4346 249
15 4346 297 
15 4394 345 //
15 4394 393
15 4394 345
15 4394 441
15 4394 489
10 4394 153
10 4394 201
10 4394 249
10 4394 297
15 4394 345 
10 4442 153 //
10 4442 201
10 4442 249
10 4442 297
10 4442 345
15 4442 393 
15 4442 441 
15 4442 489