11 400 300
11 448 300
8 496 460 15
8 544 460 15
11 592 300
8 640 300 15
11 688 300
8 736 460 15
8 784 460 15
11 832 300
11 880 300
6 800 153
6 700 153
9 1050 168
5 1058 228
10 1452 249
10 1404 201
10 1452 201
10 1500 201
10 1356 153
10 1404 153
10 1452 153
10 1500 153
10 1548 153
10 1596 153
10 1644 153
10 1500 201
10 1548 201
10 1596 201
10 1500 249
10 1548 249
10 1500 297
8 1500 480 14
2 1744 153
9 2000 168
5 2008 228
12 2300 107
10 2415 153
10 2415 201
10 2559 153
10 2559 201
10 2559 249
10 2703 153
10 2703 201
10 2703 249
10 2703 297
10 2847 153
10 2847 201
10 2847 249
10 2847 297
10 2847 345
2 2950 153
2 3050 153
3 3150 153
9 3400 168
11 3600 300
8 3648 300 15
8 3696 300 16
8 3696 450 17
8 3744 300 15
11 3792 300
12 4035 107
10 4202 153 
15 4202 201 
15 4202 249
15 4202 297
15 4202 345
15 4202 393
15 4202 345
15 4202 441
15 4202 489 
10 4250 153 
10 4250 201
15 4250 249
15 4250 297
15 4250 345
15 4250 393
15 4250 345
15 4250 441
15 4250 489
15 4250 249 
15 4298 297
15 4298 345
15 4298 393
15 4298 345
15 4298 441
15 4298 489
10 4298 153
10 4298 201
10 4298 249
15 4298 297 
15 4346 345
15 4346 393
15 4346 345
15 4346 441
15 4346 489
10 4346 153
10 4346 201
10 4346 249
10 4346 297
15 4346 345 
10 4394 153
10 4394 201
10 4394 249
10 4394 297
10 4394 345
15 4394 393 
15 4394 441 
15 4394 489 